198
1 2 3 4 5 6 7 8 9 10 11 12 13 14 15 16 17 18 19 20 21 22 23 24 25 26 27 28 29 30 31 32 33 34 35 36 37 38 39 40 41 42 43 44 45 46 47 48 49 50 51 52 53 54 55 56 57 58 59 60 61 62 63 64 65 66 67 68 69 70 71 72 73 74 75 76 77 78 79 80 81 82 83 84 85 86 87 88 89 90 91 92 93 94 95 96 97 98 99 100 101 102 103 104 105 106 107 108 109 110 111 112 113 114 115 116 117 118 119 120 121 122 123 124 125 126 127 128 129 130 131 132 133 134 135 136 137 138 139 140 141 142 143 144 145 146 147 148 149 150 151 152 153 154 155 156 157 158 159 160 161 162 163 164 165 166 167 168 169 170 171 172 173 174 175 176 177 178 179 180 181 182 183 184 185 186 187 188 189 190 191 192 193 194 195 196 197 198 
2742
1 10 1286
1 11 1121
1 12 2242
1 13 1250
1 14 924
1 15 1580
1 16 707
1 17 547
1 18 34
1 19 44
1 2 1467
1 20 188
1 21 1227
1 22 248
1 23 1908
1 24 53
1 3 1807
1 4 1861
1 5 1373
1 6 2165
1 7 840
1 8 1161
1 9 634
2 11 958
2 12 447
2 120 627
2 121 1305
2 122 110
2 123 530
2 124 2108
2 125 432
2 13 469
2 14 487
2 15 1327
2 19 372
2 20 64
2 21 164
2 23 1079
2 24 2006
2 4 197
2 6 2518
2 67 730
2 7 1780
3 10 1002
3 125 2373
3 13 2342
3 130 2451
3 14 1437
3 145 114
3 146 1081
3 147 2256
3 148 953
3 149 896
3 150 147
3 157 1911
3 159 1342
3 16 2169
3 160 1869
3 17 1451
3 18 1352
3 20 1234
3 21 1882
3 23 1821
3 24 1720
3 4 1863
3 5 846
3 6 437
3 67 2026
3 7 578
3 8 2442
3 9 877
4 101 1750
4 11 1825
4 112 2656
4 12 9
4 121 1456
4 128 909
4 13 1113
4 133 1546
4 137 1023
4 14 848
4 149 2455
4 15 1975
4 150 1743
4 152 2601
4 16 2539
4 164 1738
4 165 2028
4 166 1665
4 167 446
4 168 637
4 169 157
4 17 981
4 170 1111
4 171 530
4 172 101
4 173 611
4 174 967
4 177 781
4 178 1188
4 179 2062
4 18 311
4 19 195
4 20 1145
4 21 1620
4 23 1600
4 24 1254
4 6 2529
4 7 1366
4 8 1453
4 9 809
5 10 867
5 153 1166
5 155 1437
5 160 1263
5 164 2420
5 165 1234
5 17 258
5 22 359
5 6 156
5 67 2099
6 10 2392
6 11 1708
6 12 338
6 13 760
6 14 2238
6 15 1834
6 153 24
6 155 1858
6 164 1268
6 165 2608
6 17 2573
6 19 1578
6 20 1456
6 21 2371
6 22 456
6 23 1709
6 24 882
6 7 1638
7 10 333
7 100 989
7 101 2446
7 102 2595
7 103 2154
7 104 2536
7 105 1116
7 106 1831
7 107 1027
7 108 1373
7 109 2190
7 11 2579
7 110 730
7 111 493
7 116 198
7 117 2463
7 118 2648
7 119 1089
7 12 208
7 120 2672
7 121 204
7 122 1476
7 123 2537
7 124 1431
7 125 1707
7 127 1250
7 128 1059
7 13 2162
7 130 1613
7 133 1941
7 137 2453
7 138 1945
7 139 1583
7 14 810
7 140 1797
7 148 994
7 149 604
7 15 1566
7 150 1478
7 152 1630
7 153 197
7 154 2321
7 155 120
7 157 2322
7 164 71
7 165 318
7 166 696
7 167 2719
7 168 1406
7 169 903
7 170 2648
7 171 264
7 172 2378
7 173 1096
7 174 1694
7 177 2739
7 178 999
7 179 10
7 18 2158
7 19 2611
7 191 604
7 20 1869
7 21 467
7 23 2186
7 24 2678
7 26 918
7 27 1833
7 28 1935
7 48 2483
7 54 569
7 55 2219
7 67 1333
7 74 1543
7 75 2338
7 76 2308
7 80 1614
7 81 1309
7 83 261
7 84 244
7 85 1369
7 86 1164
7 87 1545
7 89 1632
7 9 2195
7 90 2640
7 92 1979
7 93 2191
7 95 2292
7 96 642
7 97 261
7 98 815
8 100 1246
8 110 783
8 111 2677
8 16 2085
8 17 2114
8 18 2248
8 21 2572
8 23 1307
8 24 1989
8 28 1794
8 80 783
8 81 1975
8 9 594
8 91 1774
8 92 1541
8 94 861
8 98 341
9 109 455
9 11 1104
9 125 1709
9 13 1618
9 130 2648
9 134 1994
9 137 2467
9 14 1199
9 146 1230
9 148 1915
9 157 2145
9 159 1871
9 16 829
9 160 217
9 17 1770
9 18 1611
9 192 1547
9 21 2509
9 23 2379
9 24 1053
9 67 2338
10 109 943
10 111 1695
10 112 43
10 114 379
10 119 927
10 12 636
10 125 2152
10 13 1121
10 14 1497
10 145 1146
10 146 1576
10 147 1254
10 149 112
10 15 1847
10 153 1160
10 155 759
10 158 1571
10 159 1012
10 160 1988
10 164 744
10 165 414
10 17 2513
10 18 226
10 19 2026
10 20 194
10 28 1837
10 54 831
10 67 2702
10 74 1473
10 75 537
10 76 951
10 80 1069
10 83 2231
10 85 993
10 86 1447
10 88 415
10 93 283
11 101 2252
11 102 190
11 103 433
11 106 656
11 107 1765
11 109 1686
11 116 2163
11 117 869
11 118 1499
11 12 1576
11 120 2440
11 121 2511
11 124 2217
11 125 1837
11 13 1578
11 130 1987
11 133 2062
11 137 2258
11 14 835
11 148 2552
11 15 1742
11 18 2190
11 19 2678
11 20 2278
11 21 399
11 23 1004
11 24 1766
11 67 45
11 80 1104
11 89 834
11 90 1723
11 95 2010
11 96 1023
11 97 2155
12 101 1319
12 111 1441
12 112 2495
12 114 2135
12 121 2310
12 125 1251
12 128 968
12 13 661
12 133 2415
12 137 443
12 14 2497
12 149 1251
12 15 1083
12 150 470
12 152 766
12 158 1917
12 159 1676
12 160 2507
12 164 1365
12 165 1611
12 166 696
12 167 417
12 168 1269
12 169 2461
12 170 1857
12 171 1026
12 172 1948
12 173 838
12 174 293
12 18 229
12 19 1646
12 20 1611
12 21 323
12 23 1398
12 24 2400
12 67 2632
12 74 2649
12 76 625
12 93 1946
13 101 2321
13 111 1067
13 112 354
13 114 2225
13 121 2150
13 122 824
13 123 1644
13 125 2720
13 128 2499
13 133 62
13 137 2738
13 14 21
13 149 757
13 15 412
13 150 1289
13 152 1871
13 154 923
13 158 969
13 159 1077
13 160 1760
13 164 1261
13 165 2701
13 166 2059
13 167 1526
13 168 281
13 169 715
13 170 1183
13 171 1567
13 172 2017
13 173 1807
13 174 770
13 177 249
13 178 1528
13 179 1124
13 18 2474
13 187 2331
13 188 601
13 189 1375
13 19 962
13 20 1753
13 21 1437
13 23 958
13 24 1773
13 56 847
13 67 1369
13 74 1716
13 76 2718
13 89 2291
13 90 2684
13 93 1052
14 101 2704
14 111 2598
14 112 2406
14 114 2021
14 121 1381
14 125 2686
14 128 1389
14 133 1217
14 137 164
14 149 663
14 15 1678
14 150 934
14 152 911
14 158 463
14 159 711
14 160 2038
14 164 1447
14 165 1311
14 166 2067
14 167 2408
14 168 321
14 169 2157
14 170 623
14 171 747
14 172 261
14 173 646
14 174 2462
14 18 236
14 187 1590
14 19 2403
14 20 2683
14 21 1552
14 23 2259
14 24 2346
14 67 2226
14 74 2293
14 76 944
14 93 2268
15 101 768
15 111 1107
15 112 188
15 114 2445
15 121 694
15 125 2494
15 128 1561
15 133 1404
15 137 1790
15 149 265
15 150 1368
15 152 2510
15 158 1326
15 159 1688
15 160 1924
15 164 1949
15 165 2435
15 166 2184
15 167 1248
15 168 808
15 169 1074
15 170 95
15 171 469
15 172 1014
15 173 300
15 174 1381
15 177 2014
15 178 2525
15 179 931
15 18 1611
15 19 2050
15 20 352
15 21 1371
15 23 891
15 24 54
15 67 2065
15 74 643
15 76 268
15 93 2122
16 100 1086
16 110 532
16 111 748
16 114 853
16 17 1858
16 18 1089
16 21 34
16 23 2460
16 24 781
16 28 871
16 80 965
16 81 1589
16 88 1944
16 91 1059
16 92 711
16 93 1612
16 94 1359
16 98 2091
17 145 2279
17 146 2537
17 147 1675
17 148 1147
17 149 499
17 150 2027
17 18 2517
17 21 43
17 22 734
17 23 493
17 24 2081
18 101 1002
18 102 2615
18 107 424
18 111 187
18 112 2016
18 114 2672
18 116 698
18 117 362
18 118 1359
18 121 1811
18 125 2539
18 128 884
18 133 33
18 137 39
18 149 85
18 150 2488
18 152 2145
18 158 350
18 159 2500
18 160 147
18 164 2628
18 165 948
18 166 1821
18 167 2428
18 168 100
18 169 2501
18 170 857
18 171 143
18 172 1889
18 173 1349
18 174 2223
18 19 148
18 20 2617
18 21 1301
18 23 1730
18 24 1890
18 67 2626
18 74 1082
18 76 906
18 80 1243
18 89 150
18 90 2098
18 93 2126
18 95 183
18 96 2136
18 97 864
19 100 1324
19 101 1538
19 109 1214
19 111 1081
19 112 1684
19 114 2495
19 121 682
19 125 2158
19 128 835
19 133 782
19 135 1917
19 137 1691
19 139 924
19 149 1063
19 150 1693
19 152 1800
19 153 2606
19 154 1568
19 155 358
19 158 247
19 159 2111
19 160 242
19 164 1328
19 165 1670
19 166 138
19 167 1478
19 168 1025
19 169 917
19 170 314
19 171 1814
19 172 1780
19 173 1637
19 174 2005
19 20 1647
19 21 1371
19 23 2342
19 24 54
19 54 706
19 67 1758
19 74 888
19 75 1487
19 76 2328
19 86 1232
19 93 1064
20 100 2044
20 101 182
20 102 1518
20 106 561
20 107 403
20 109 1875
20 111 807
20 112 2514
20 114 770
20 116 2135
20 117 95
20 118 2303
20 120 2266
20 121 1120
20 122 477
20 123 2579
20 124 1587
20 125 911
20 128 127
20 133 850
20 137 2557
20 139 151
20 149 449
20 150 1264
20 152 856
20 153 860
20 154 2151
20 155 997
20 158 445
20 159 640
20 160 714
20 164 1142
20 165 2218
20 166 2231
20 167 1702
20 168 2620
20 169 18
20 170 1163
20 171 2391
20 172 2183
20 173 1951
20 174 1140
20 177 1744
20 178 1474
20 179 2259
20 21 874
20 23 2706
20 24 2499
20 54 1784
20 67 1486
20 74 606
20 75 253
20 76 290
20 80 1055
20 86 1516
20 89 2541
20 90 568
20 93 2321
20 95 795
20 96 1013
20 97 1614
21 101 1509
21 112 808
21 121 1089
21 128 2393
21 133 2510
21 137 967
21 149 2410
21 150 930
21 152 2011
21 164 1851
21 165 1534
21 166 408
21 167 852
21 168 265
21 169 1320
21 170 1725
21 171 1624
21 172 1077
21 173 2163
21 174 367
21 177 336
21 178 2415
21 179 2052
21 23 44
21 24 2584
22 119 1850
22 133 612
22 176 2162
22 193 1299
22 88 1624
22 93 1034
23 101 1461
23 102 2431
23 107 776
23 109 1111
23 112 852
23 116 396
23 117 779
23 118 435
23 119 2407
23 121 2629
23 122 1968
23 123 1468
23 124 2134
23 126 886
23 127 1442
23 128 2512
23 130 2509
23 131 1172
23 132 1932
23 133 1529
23 134 1507
23 137 258
23 148 838
23 149 1551
23 150 100
23 152 2688
23 153 2162
23 157 915
23 164 1244
23 165 2439
23 166 602
23 167 2704
23 168 781
23 169 1378
23 170 2468
23 171 1633
23 172 1773
23 173 504
23 174 721
23 177 91
23 178 1786
23 179 2689
23 24 213
23 27 2573
23 31 2228
23 67 1654
23 74 2343
23 80 1995
23 89 83
23 90 186
23 91 781
23 93 1589
23 95 1840
23 96 273
23 97 1793
24 101 593
24 102 1614
24 103 1212
24 106 1507
24 107 115
24 109 908
24 116 2109
24 117 1472
24 118 343
24 120 2140
24 121 1197
24 124 1975
24 125 2566
24 133 355
24 168 1349
24 177 2657
24 178 2140
24 179 2691
24 67 127
24 80 1971
24 89 2177
24 90 434
24 95 225
24 96 1429
24 97 1912
25 26 1806
25 27 863
25 28 758
26 100 903
26 103 2531
26 105 2551
26 106 1495
26 108 1402
26 109 2416
26 110 1656
26 111 1516
26 115 1978
26 117 1022
26 119 1641
26 144 2320
26 27 419
26 28 96
26 62 206
26 74 242
26 80 450
26 81 1554
26 87 1552
26 89 1243
26 90 1503
26 94 332
26 98 1867
27 102 937
27 104 2161
27 105 745
27 107 1019
27 109 1330
27 110 2551
27 111 535
27 112 2088
27 113 2107
27 114 324
27 116 550
27 117 2256
27 118 1725
27 119 223
27 125 1169
27 138 1895
27 139 854
27 140 844
27 144 793
27 28 431
27 35 2658
27 48 2284
27 54 636
27 55 1553
27 62 1387
27 70 2190
27 74 1759
27 75 2630
27 76 2346
27 83 2090
27 84 1754
27 85 540
27 86 1509
27 87 2499
27 88 212
27 89 1492
27 90 961
27 93 746
27 94 837
27 95 1721
27 96 1069
27 97 40
28 103 1234
28 105 52
28 108 1659
28 109 1056
28 110 1946
28 111 2512
28 112 1899
28 114 1392
28 115 201
28 117 468
28 119 934
28 124 2232
28 144 2021
28 54 2320
28 62 1679
28 67 1037
28 70 2207
28 74 1282
28 75 1780
28 80 2615
28 83 475
28 84 1942
28 85 1025
28 86 686
28 88 692
28 89 639
28 90 1432
28 91 182
28 92 2359
28 93 1154
28 94 1618
28 98 851
29 30 1205
29 31 534
29 32 560
29 33 1804
30 143 1699
30 31 1113
30 32 454
30 33 553
30 78 1580
30 79 41
31 101 43
31 122 2254
31 123 2360
31 126 1721
31 131 1944
31 132 479
31 134 1657
31 141 982
31 142 1747
31 143 785
31 161 1577
31 180 29
31 183 1471
31 184 922
31 32 667
31 33 1556
31 34 1104
31 35 283
31 36 2709
31 37 1375
31 42 2529
31 50 2568
31 51 1908
31 52 347
31 53 283
31 58 2260
31 60 1459
31 61 2132
31 62 71
31 64 1692
31 65 2172
31 66 113
31 68 1204
31 69 444
31 70 487
31 72 405
31 91 922
31 97 797
32 139 40
32 154 2668
32 156 1582
32 161 271
32 181 1350
32 190 1706
32 196 1192
32 33 670
32 34 519
32 35 949
32 36 952
32 37 1881
32 38 2323
32 39 2135
32 40 360
32 41 142
32 42 1135
32 43 643
32 44 2402
32 45 1247
32 46 32
32 47 2472
32 50 196
32 51 858
32 52 2584
32 53 53
32 56 1301
32 57 1724
32 59 1854
32 60 2222
32 61 2521
32 62 1893
32 63 801
32 65 1360
32 66 817
32 67 804
32 68 323
32 70 2009
32 71 1473
32 72 2237
32 73 1611
32 90 2424
33 139 29
33 154 1192
33 156 470
33 34 389
33 35 1333
33 36 1604
33 37 2427
33 38 2388
33 40 108
33 41 1112
33 42 2117
33 43 1700
33 44 1969
33 45 612
33 46 1752
33 47 527
33 50 2336
33 51 863
33 52 1402
33 53 768
33 56 1410
33 57 856
33 58 2127
33 59 2226
33 60 1659
33 61 1103
33 62 146
33 63 389
33 65 1993
33 66 1757
33 67 1467
33 68 675
33 69 1602
33 70 1936
33 72 1063
33 73 192
34 35 2194
34 36 2143
34 37 1234
34 38 955
34 39 513
34 40 608
34 41 2654
34 42 2481
34 43 2616
34 44 318
34 45 1662
34 46 863
34 47 1180
35 36 321
35 37 1630
35 38 2589
35 39 2573
35 40 1014
35 41 727
35 42 1489
35 43 770
35 44 872
35 45 1878
35 46 20
35 47 2628
35 48 1998
35 49 2090
35 50 141
35 51 1191
35 52 411
35 53 1729
35 54 2038
35 55 1207
35 56 220
35 57 251
35 58 1719
35 59 2223
35 60 1558
35 61 112
35 62 2096
35 63 1875
35 64 1773
35 65 216
35 66 1709
35 67 747
35 68 1845
35 69 209
35 70 577
35 71 1512
35 72 935
35 73 720
35 74 2281
35 75 1807
35 76 1251
36 141 954
36 142 346
36 143 506
36 37 302
36 39 487
36 40 350
36 42 2108
36 43 2215
36 44 2388
36 45 1968
36 46 1088
36 47 1292
36 51 945
36 56 568
36 60 107
36 66 2452
36 68 2664
36 70 636
36 71 1482
36 73 1533
37 114 2344
37 156 882
37 161 636
37 38 2552
37 39 113
37 40 801
37 41 2141
37 42 832
37 43 1736
37 44 1205
37 45 736
37 46 1343
37 47 204
37 51 1241
37 52 298
37 56 2086
37 60 1590
37 61 1059
37 62 212
37 64 1235
37 66 285
37 68 1299
37 70 1180
37 71 1229
37 73 521
38 139 1287
38 154 938
38 156 442
38 185 576
38 186 1073
38 39 628
38 40 177
38 41 608
38 42 2659
38 44 1382
38 45 720
38 51 718
38 52 780
38 56 205
38 60 2453
38 61 638
38 62 940
38 63 2449
38 64 2238
38 66 834
38 67 5
38 68 1581
38 70 2424
38 73 1063
39 40 447
39 42 2312
39 43 1347
39 44 399
39 47 750
39 51 1229
39 56 919
39 60 690
39 66 2166
39 68 14
39 70 1265
39 71 1892
39 73 642
40 41 95
40 42 2500
40 43 558
40 44 130
40 45 1873
40 46 2671
40 47 910
40 51 732
40 60 1035
40 66 201
40 68 325
41 114 742
41 196 2438
41 42 1159
41 44 746
41 45 2673
41 51 2236
41 52 462
41 60 377
41 61 1805
41 62 1809
41 63 2171
41 64 1208
41 66 295
41 67 348
41 70 1897
41 71 1115
42 125 1757
42 139 1815
42 154 264
42 156 1052
42 43 563
42 44 21
42 45 1610
42 46 693
42 47 548
42 50 192
42 51 256
42 52 1279
42 53 1227
42 56 456
42 57 1603
42 58 1968
42 59 152
42 60 19
42 61 1367
42 62 82
42 63 2254
42 65 1828
42 66 1854
42 67 2713
42 68 2290
42 69 1282
42 70 1178
42 73 2585
43 181 283
43 44 1729
43 45 2353
43 46 2040
43 47 2197
43 51 2616
43 56 1745
43 60 18
43 66 1291
43 68 612
43 70 2106
43 71 1838
43 73 2200
44 45 2361
44 46 1770
44 47 684
44 52 1470
44 60 630
44 61 1305
44 62 1621
44 63 2045
44 66 1325
44 68 356
44 70 210
45 156 410
45 46 2209
45 47 1576
45 51 1354
45 60 2145
45 61 1408
45 62 2592
45 66 2427
45 68 394
45 70 2202
45 72 378
45 73 2590
46 117 2075
46 156 2123
46 161 1261
46 47 2019
46 51 1388
46 52 2020
46 60 2510
46 61 845
46 62 1638
46 64 1537
46 66 182
46 68 366
46 70 821
47 126 1486
47 127 640
47 128 123
47 129 68
47 130 996
47 133 1728
47 135 1874
47 136 1858
47 137 1958
47 51 1881
47 56 1260
47 60 623
47 66 1730
47 68 2341
47 70 1016
47 71 1189
47 73 2718
47 82 2259
48 104 1917
48 105 752
48 115 2174
48 117 1194
48 119 794
48 138 1451
48 139 961
48 140 1638
48 157 1743
48 54 2498
48 55 474
48 67 762
48 74 1972
48 75 613
48 76 1401
48 80 748
48 84 2077
48 85 1050
48 86 2475
48 87 1208
48 90 166
50 52 1690
50 53 1742
50 58 1425
50 62 2312
50 65 729
50 66 1023
50 69 1981
50 70 1917
51 156 2395
51 161 152
51 52 2487
51 56 404
51 60 2325
51 61 938
51 62 1197
51 64 1033
51 66 553
51 68 1489
51 70 1429
51 71 1704
51 73 1962
52 139 2190
52 154 933
52 156 1228
52 161 849
52 53 1680
52 56 562
52 58 552
52 60 66
52 61 423
52 62 717
52 63 410
52 64 2164
52 65 2142
52 66 2721
52 67 150
52 68 1818
52 69 614
52 70 720
52 73 1470
53 125 765
53 183 465
53 184 528
53 57 347
53 58 56
53 59 378
53 62 33
53 65 608
53 66 520
53 67 1462
53 69 965
53 70 1135
54 100 2305
54 104 1897
54 109 2363
54 110 411
54 111 2230
54 112 182
54 114 2359
54 119 2296
54 138 605
54 139 333
54 140 2705
54 153 26
54 154 1128
54 155 1337
54 191 1572
54 55 204
54 70 604
54 74 2291
54 75 327
54 76 1368
54 80 1409
54 81 2250
54 82 368
54 83 1465
54 84 2628
54 85 401
54 86 726
54 87 405
54 88 516
54 91 1691
54 93 1540
54 97 78
54 98 2241
54 99 1160
55 100 1885
55 104 383
55 105 1341
55 109 1501
55 110 2678
55 111 599
55 115 1833
55 117 1294
55 119 625
55 120 1615
55 123 1284
55 124 2196
55 138 1818
55 139 1888
55 140 398
55 67 798
55 74 513
55 75 461
55 76 306
55 80 881
55 81 1925
55 82 191
55 84 2677
55 85 1304
55 86 1991
55 87 450
55 90 1648
55 91 788
55 93 1923
55 97 2543
55 98 601
55 99 1065
56 121 183
56 125 596
56 138 2565
56 139 1514
56 154 1194
56 156 310
56 189 65
56 60 1818
56 61 1924
56 62 1348
56 66 2667
56 67 2395
56 68 493
56 70 1719
56 71 450
56 73 1006
56 89 2179
56 90 2151
57 125 540
57 161 15
57 58 995
57 59 474
57 60 1318
57 62 244
57 65 2319
57 66 1620
57 67 2427
57 69 1499
57 70 1420
57 72 1682
58 125 1218
58 59 256
58 62 2277
58 65 1040
58 66 1769
58 67 728
58 69 3
58 70 1833
59 122 1200
59 124 580
59 125 1834
59 189 2520
59 60 1628
59 62 981
59 65 1496
59 66 732
59 67 640
59 69 932
59 70 140
59 72 1179
59 84 946
60 139 1135
60 154 306
60 156 918
60 161 32
60 185 2624
60 186 1191
60 61 2458
60 62 34
60 63 1264
60 64 1397
60 66 1251
60 67 1519
60 68 2327
60 70 945
60 71 545
60 72 313
60 73 2343
60 89 1031
60 90 166
61 102 181
61 139 1518
61 154 2685
61 156 1808
61 161 2498
61 180 1439
61 181 2539
61 62 395
61 63 1024
61 64 1333
61 66 227
61 67 1970
61 68 2467
61 70 532
61 73 1541
61 84 2498
61 89 1809
61 93 2731
62 102 867
62 105 1843
62 109 1252
62 110 918
62 111 351
62 117 28
62 124 502
62 139 2691
62 144 1968
62 154 2210
62 156 2292
62 161 1652
62 185 2375
62 186 2472
62 63 1823
62 64 972
62 65 191
62 66 1579
62 67 2410
62 68 1384
62 69 627
62 70 691
62 72 2716
62 73 854
62 74 1314
62 89 1094
62 90 1385
62 94 112
63 154 2245
63 185 1848
63 186 100
63 64 369
63 66 948
63 67 5
63 70 2682
64 156 2694
64 161 1428
64 66 1838
64 68 1297
65 125 653
65 66 1305
65 67 846
65 69 958
65 70 2334
66 117 1971
66 139 39
66 154 563
66 156 2161
66 67 271
66 68 230
66 69 2198
66 70 2293
66 71 2316
66 73 2171
67 100 404
67 101 2284
67 102 1918
67 103 443
67 104 2395
67 105 1420
67 106 2290
67 107 1149
67 108 443
67 109 1891
67 110 2549
67 111 382
67 112 496
67 113 1235
67 114 2219
67 115 1792
67 116 1887
67 117 2178
67 118 2637
67 120 1499
67 121 1769
67 122 519
67 123 191
67 124 985
67 125 1334
67 134 1857
67 136 2610
67 139 789
67 149 1407
67 151 2183
67 154 1614
67 155 1811
67 156 1724
67 157 789
67 158 907
67 159 31
67 160 2209
67 172 1850
67 173 2575
67 185 2651
67 186 998
67 187 2381
67 188 1686
67 189 147
67 192 873
67 193 1163
67 194 1939
67 68 1414
67 69 1994
67 70 487
67 72 1566
67 73 2416
67 74 1006
67 75 1756
67 76 658
67 80 2339
67 84 870
67 88 525
67 89 1781
67 90 930
67 93 1361
67 95 652
67 96 1394
68 139 343
68 154 1441
68 156 2300
68 161 1769
68 70 907
68 71 1407
68 73 255
69 125 815
69 161 1058
69 70 2635
70 114 2500
70 119 2601
70 120 2162
70 124 2316
70 125 451
70 139 2229
70 141 221
70 154 937
70 156 1052
70 183 2636
70 184 596
70 197 65
70 71 551
70 72 1588
70 73 2330
70 74 1075
70 84 627
70 88 1913
70 93 2436
71 114 1278
71 180 565
71 181 1432
71 182 2718
71 190 122
71 73 1854
72 142 2278
73 139 183
73 154 2108
73 156 1746
74 104 2636
74 105 654
74 109 158
74 110 1148
74 111 73
74 112 2473
74 114 1598
74 117 2301
74 119 1348
74 122 1189
74 125 2006
74 138 1241
74 139 1784
74 140 724
74 144 446
74 149 2026
74 155 311
74 158 174
74 159 2652
74 160 2224
74 193 1263
74 194 2583
74 75 1442
74 76 2694
74 80 1213
74 83 217
74 84 459
74 85 748
74 86 399
74 87 1220
74 88 2494
74 89 1689
74 90 1874
74 93 2651
74 94 94
74 97 600
75 100 1035
75 104 346
75 109 1555
75 110 1036
75 111 1534
75 112 818
75 114 2277
75 119 1971
75 120 1542
75 123 1376
75 124 1254
75 138 506
75 139 1549
75 140 2559
75 153 1383
75 154 70
75 155 2400
75 191 82
75 76 1417
75 80 2266
75 81 299
75 82 530
75 83 1667
75 84 2093
75 85 1749
75 86 1418
75 87 2435
75 88 880
75 91 2722
75 93 2529
75 97 1480
75 98 2411
75 99 132
76 104 1688
76 111 2100
76 112 319
76 114 2505
76 119 288
76 125 2289
76 138 2700
76 139 1663
76 140 801
76 149 464
76 158 470
76 159 617
76 160 500
76 80 1935
76 83 1670
76 85 582
76 86 609
76 87 1193
76 93 2276
77 78 1138
77 79 118
78 79 1626
79 182 1541
80 100 189
80 101 1319
80 102 2420
80 103 1565
80 104 2501
80 105 2553
80 106 2629
80 107 1286
80 108 1498
80 109 1986
80 110 1604
80 111 2657
80 112 2274
80 113 1150
80 114 2614
80 115 2590
80 116 604
80 117 1731
80 118 317
80 119 2617
80 81 2231
80 82 905
80 83 1544
80 84 1466
80 85 168
80 86 1391
80 87 999
80 88 2701
80 89 162
80 90 1278
80 91 1499
80 92 1746
80 93 1250
80 94 1177
80 95 568
80 96 2404
80 97 2383
80 98 1850
80 99 947
81 100 2535
81 103 2490
81 105 1204
81 106 1103
81 108 675
81 109 1008
81 110 2370
81 111 522
81 117 1611
81 119 1359
81 82 2235
81 84 1485
81 87 2243
81 89 397
81 90 1683
81 91 966
81 94 564
81 98 331
81 99 618
82 100 523
82 109 492
82 110 549
82 111 2021
82 126 2237
82 127 1799
82 128 1851
82 129 1459
82 130 1460
82 133 146
82 135 1962
82 136 1061
82 137 2680
82 84 1709
82 91 2264
82 98 2436
82 99 2383
83 104 1925
83 109 2063
83 110 163
83 111 794
83 112 2075
83 114 1051
83 117 932
83 119 1575
83 125 1447
83 84 2614
83 85 1194
83 86 2011
83 88 1598
83 90 465
83 92 1187
83 93 2089
83 94 1014
84 100 465
84 102 238
84 103 70
84 105 970
84 109 350
84 110 183
84 111 1115
84 114 2311
84 115 1243
84 117 2448
84 119 2674
84 122 2161
84 123 2141
84 124 968
84 125 1343
84 136 1461
84 138 1130
84 189 790
84 191 794
84 88 834
84 89 376
84 90 1022
84 91 2281
84 93 247
84 98 2216
84 99 203
85 104 1845
85 109 2680
85 111 1389
85 112 2587
85 114 2347
85 119 507
85 138 1478
85 139 2416
85 140 1476
85 86 1827
85 87 1253
85 88 1244
85 93 50
86 100 2495
86 104 949
86 109 2723
86 111 567
86 112 1743
86 114 948
86 119 564
86 138 462
86 139 732
86 140 7
86 153 2651
86 154 1565
86 155 382
86 87 2326
86 88 2499
86 93 629
86 97 453
87 100 2701
87 103 1127
87 104 1787
87 105 1347
87 106 971
87 108 1391
87 109 1854
87 113 1103
87 117 2461
87 119 1983
87 128 187
87 138 971
87 139 485
87 140 1632
87 164 2119
87 165 1433
87 89 266
87 90 2686
87 97 434
87 98 1214
88 103 1903
88 109 2291
88 111 599
88 112 1909
88 114 853
88 117 817
88 119 945
88 125 436
88 133 574
88 176 227
88 193 2285
88 90 532
88 93 1353
88 94 1329
89 100 533
89 101 977
89 102 2719
89 103 2386
89 105 733
89 106 2437
89 107 1626
89 108 920
89 109 665
89 110 2110
89 111 1205
89 113 42
89 116 2197
89 117 1471
89 118 1381
89 119 1284
89 121 1338
89 122 1937
89 123 832
89 124 1936
89 125 2499
89 144 338
89 154 1406
89 155 701
89 174 2169
89 189 1979
89 194 927
89 90 1711
89 94 1165
89 95 933
89 96 297
89 97 1697
89 98 564
90 100 274
90 101 1340
90 102 1296
90 103 1364
90 105 1619
90 106 869
90 107 2029
90 108 2383
90 109 2074
90 110 724
90 111 1837
90 112 2198
90 113 758
90 114 378
90 115 793
90 116 2694
90 117 2605
90 118 2728
90 119 2450
90 121 1596
90 122 1391
90 123 1805
90 124 1022
90 125 2024
90 144 1385
90 154 2733
90 155 446
90 157 972
90 163 287
90 189 2142
90 194 189
90 93 1956
90 94 2135
90 95 138
90 96 578
90 97 1011
90 98 1007
91 100 1260
91 101 2047
91 109 1734
91 110 1983
91 111 1141
91 119 2585
91 122 2740
91 123 172
91 126 635
91 131 1345
91 132 1430
91 134 2016
91 138 1052
91 92 283
91 93 2060
91 97 1510
91 98 1305
91 99 1341
92 110 153
92 111 2691
93 100 440
93 103 1124
93 106 235
93 109 2581
93 111 1312
93 112 2191
93 114 627
93 115 1449
93 117 1422
93 119 1638
93 120 1109
93 122 2681
93 123 2338
93 124 1496
93 125 1921
93 133 737
93 134 1338
93 138 572
93 149 2304
93 158 1972
93 159 1916
93 160 2388
93 163 2641
93 174 1621
93 176 2670
93 191 1959
93 193 389
93 94 2628
93 97 557
94 100 1937
94 105 2576
94 109 997
94 110 318
94 111 1465
94 117 2231
94 119 283
94 144 2309
94 157 116
94 98 1731
95 100 988
95 101 407
95 102 1494
95 103 926
95 105 2
95 107 1643
95 113 1500
95 116 2134
95 117 239
95 118 2071
95 122 1696
95 123 864
95 155 2640
95 194 2737
95 96 763
95 97 1518
96 100 2664
96 101 2721
96 102 560
96 105 1204
96 107 1931
96 113 2496
96 116 2433
96 117 185
96 118 1467
96 122 1155
96 123 1070
96 155 1749
96 194 721
96 97 1185
97 101 2134
97 102 1708
97 107 245
97 112 2281
97 116 1287
97 117 1642
97 118 1181
97 119 44
97 122 1034
97 123 1419
97 126 2114
97 127 1383
97 128 937
97 131 665
97 132 1377
97 134 1699
97 140 837
97 153 2694
97 164 331
97 165 1396
98 100 2551
98 103 2261
98 105 2546
98 106 2242
98 108 1100
98 109 2666
98 110 2050
98 111 2169
98 117 1673
98 119 29
98 99 2007
99 100 2460
99 109 390
99 110 2251
99 111 1998
100 102 331
100 103 1150
100 105 1832
100 106 374
100 107 837
100 108 509
100 109 1142
100 110 2219
100 111 99
100 116 1806
100 117 2249
100 118 1797
100 119 2642
100 124 855
100 138 2127
100 139 2692
100 153 663
100 154 1645
100 155 1149
101 102 162
101 107 2
101 116 1072
101 117 2212
101 118 824
101 121 2
101 122 894
101 123 88
101 126 1115
101 128 2679
101 131 992
101 132 1766
101 133 267
101 134 796
101 137 856
101 149 2037
101 150 1632
101 152 18
101 159 436
101 164 2505
101 165 116
101 166 895
101 167 665
101 168 1912
101 169 795
101 170 1519
101 171 2692
101 172 2140
101 173 2182
101 174 248
101 187 546
101 188 997
101 189 250
102 105 1617
102 107 1862
102 108 2469
102 113 273
102 116 13
102 117 2557
102 118 1387
102 122 1346
102 123 806
102 124 1807
102 155 1612
102 194 1601
103 105 2662
103 106 2302
103 108 1887
103 109 2679
103 111 2737
103 114 303
103 115 52
103 117 890
103 119 967
103 120 617
103 124 338
103 125 2486
104 112 566
104 119 1131
104 122 579
104 138 813
104 139 1676
104 140 1575
104 155 2458
104 193 1946
104 194 695
105 106 2185
105 107 2218
105 108 2103
105 109 653
105 110 2259
105 111 706
105 113 1458
105 115 2719
105 116 972
105 117 1713
105 118 2638
105 119 531
105 144 2253
106 108 1228
106 109 1922
106 117 2555
106 119 1279
106 120 1465
106 124 2175
106 125 549
107 108 456
107 113 1918
107 116 1114
107 117 1586
107 118 2496
107 122 580
107 123 519
107 155 2725
107 194 1692
108 109 1118
108 113 2073
108 115 1134
108 116 1990
108 117 1433
108 118 1786
108 119 160
109 110 793
109 111 1897
109 112 136
109 114 1764
109 117 2263
109 119 31
109 120 948
109 123 427
109 124 1258
109 125 1523
109 134 239
109 139 1190
109 144 245
109 153 2414
109 154 1738
109 155 700
109 157 243
109 159 1505
109 187 939
109 192 1393
109 193 738
110 111 111
110 117 29
110 124 2429
110 144 1229
111 112 2101
111 114 2216
111 117 476
111 119 791
111 124 2655
111 125 635
111 144 1583
111 149 1810
111 158 770
111 159 2000
111 160 2726
112 114 2196
112 117 1602
112 119 411
112 121 2107
112 122 382
112 125 2045
112 138 554
112 140 2023
112 149 370
112 155 945
112 158 1376
112 159 613
112 160 2449
112 171 2315
112 172 659
112 173 444
112 174 1079
112 193 687
112 194 1527
113 116 2307
113 117 45
113 118 1000
113 122 1436
113 123 2231
113 155 913
113 174 724
113 194 2468
114 117 1376
114 119 147
114 125 1725
114 149 13
114 158 2342
114 159 1980
114 160 423
115 117 1706
115 124 1016
115 198 1122
116 117 913
116 118 1692
116 122 1491
116 123 1857
116 155 325
116 194 757
117 118 217
117 119 1293
117 122 1415
117 123 661
117 125 2372
117 144 755
117 155 841
117 163 590
117 194 799
118 122 1840
118 123 2026
118 124 1684
118 155 1406
118 194 1403
119 133 1409
119 138 1435
119 139 1550
119 140 1787
119 176 1448
119 193 2545
120 122 1025
120 123 524
120 124 163
120 125 2040
121 125 1645
121 128 1075
121 133 989
121 135 1790
121 137 1586
121 149 2709
121 150 2546
121 152 1802
121 153 1260
121 154 2615
121 160 1116
121 164 2285
121 165 2023
121 166 1956
121 167 1528
121 168 1476
121 169 2450
121 170 811
121 171 417
121 172 1113
121 173 868
121 174 1825
121 189 2548
122 123 2417
122 124 869
122 125 2649
122 126 873
122 131 1893
122 132 430
122 134 1035
122 155 2586
122 159 729
122 187 764
122 188 2228
122 189 2518
122 193 2349
122 194 2195
123 124 975
123 125 62
123 126 2108
123 131 2243
123 132 1178
123 134 304
123 155 1524
123 159 1787
123 187 1831
123 188 257
123 189 1494
123 194 1296
124 125 673
124 189 2607
125 149 2163
125 154 2497
125 158 1066
125 159 491
125 160 2019
125 187 972
125 189 1363
126 127 1170
126 128 55
126 129 2398
126 130 2409
126 131 783
126 132 1815
126 133 1895
126 134 1954
126 135 75
126 136 1
126 137 187
127 128 136
127 129 2108
127 130 1083
127 133 2709
127 135 1065
127 136 2606
127 137 1754
128 129 153
128 130 1516
128 133 505
128 135 1448
128 136 2188
128 137 1765
128 140 2264
128 148 596
128 149 1484
128 150 12
128 152 2615
128 164 1109
128 165 1375
128 166 2438
128 167 1164
128 168 2426
128 169 758
128 170 1946
128 171 152
128 172 2652
128 173 1158
128 174 226
129 130 1306
129 131 2740
129 133 1757
129 135 2067
129 136 1080
129 137 1724
129 148 389
129 149 944
129 166 2131
129 167 1938
129 168 1113
129 170 1289
129 175 643
129 176 559
130 133 1708
130 135 1561
130 136 2550
130 137 449
130 148 1572
130 157 1076
130 183 1558
130 184 1600
131 132 2167
131 133 2721
131 134 2679
131 137 183
131 148 578
131 166 1484
131 167 1488
131 175 389
131 176 1709
131 183 52
131 184 386
132 134 2120
132 137 772
132 141 120
132 155 1101
133 135 1161
133 136 2459
133 137 1885
133 148 356
133 149 829
133 150 431
133 152 2394
133 164 1387
133 165 792
133 166 1212
133 167 2591
133 168 1241
133 169 1438
133 170 2320
133 171 1452
133 172 1691
133 173 1745
133 174 84
133 175 282
133 176 581
133 177 661
133 178 1765
133 179 2068
133 193 2446
134 157 732
134 192 773
135 136 89
135 137 1505
135 148 1545
135 153 208
135 168 2605
135 171 1359
135 172 2666
135 173 401
136 137 1714
136 150 753
136 159 2227
136 165 19
136 169 793
136 179 277
136 187 2627
136 192 2037
137 148 1517
137 149 1322
137 150 1615
137 152 1622
137 153 1666
137 155 2013
137 164 1705
137 165 1947
137 166 2593
137 167 1019
137 168 970
137 169 572
137 170 722
137 171 355
137 172 2741
137 173 2207
137 174 1859
137 175 197
137 176 1068
138 139 375
138 140 1555
139 140 2388
139 153 2171
139 154 1922
139 155 398
139 156 1655
140 164 594
140 165 2586
141 142 1931
141 143 478
142 143 535
145 146 2101
145 147 453
145 148 2149
145 149 980
145 150 2119
146 147 1419
146 148 1338
146 149 1323
146 150 2665
147 148 2357
147 149 946
147 150 494
148 149 1732
148 150 2696
148 166 492
148 167 1196
148 168 466
148 170 2084
148 175 2264
148 176 2236
149 150 896
149 152 563
149 158 1664
149 159 1471
149 160 2356
149 164 577
149 165 2065
149 166 2199
149 167 2507
149 168 1196
149 169 1387
149 170 1866
149 171 1649
149 172 793
149 173 1499
149 174 1025
150 152 865
150 164 95
150 165 1001
150 166 2183
150 167 1105
150 168 601
150 169 2677
150 170 94
150 171 554
150 172 1822
150 173 2686
150 174 1020
150 179 1164
150 192 861
151 152 1909
152 164 713
152 165 1423
152 166 831
152 167 838
152 168 1036
152 169 1407
152 170 1556
152 171 1888
152 172 2567
152 173 9
152 174 533
153 154 1690
153 155 1657
153 164 2721
153 165 1843
153 168 1335
153 171 2240
153 172 1937
153 173 2336
153 177 1680
153 178 299
154 155 194
154 156 268
154 185 1788
154 186 2143
154 189 744
154 191 385
155 160 1816
155 164 561
155 165 1245
155 177 983
155 178 2669
155 193 2667
155 194 1813
156 161 764
158 159 2356
158 160 1873
159 160 973
159 187 1502
159 188 1697
159 189 982
160 173 688
162 163 645
164 165 1292
164 166 666
164 167 2487
164 168 2627
164 169 1559
164 170 335
164 171 874
164 172 497
164 173 2029
164 174 1067
164 179 2160
164 192 2470
165 166 1863
165 167 161
165 168 113
165 169 937
165 170 721
165 171 1357
165 172 573
165 173 648
165 174 2678
165 179 2385
165 192 65
166 167 945
166 168 1515
166 169 1038
166 170 2446
166 171 469
166 172 673
166 173 1787
166 174 2509
166 175 1964
166 176 1107
167 168 907
167 169 1848
167 170 2665
167 171 2637
167 172 1375
167 173 1815
167 174 1923
167 175 2441
167 176 1233
168 169 305
168 170 216
168 171 1393
168 172 417
168 173 2548
168 174 768
168 177 1773
168 178 378
168 179 69
169 170 362
169 171 1416
169 172 133
169 173 1307
169 174 188
169 179 1170
169 192 2406
170 171 2052
170 172 496
170 173 1451
170 174 473
171 172 2460
171 173 2557
171 174 33
172 173 219
172 174 2479
173 174 1324
175 176 1594
175 195 1552
176 193 1900
177 178 2688
177 179 1438
178 179 2204
179 192 161
180 181 88
180 182 2620
181 182 2708
182 190 2251
183 184 305
185 186 1739
187 188 2319
187 189 666
188 189 412
193 194 2452
