198
1 2 3 4 5 6 7 8 9 10 11 12 13 14 15 16 17 18 19 20 21 22 23 24 25 26 27 28 29 30 31 32 33 34 35 36 37 38 39 40 41 42 43 44 45 46 47 48 49 50 51 52 53 54 55 56 57 58 59 60 61 62 63 64 65 66 67 68 69 70 71 72 73 74 75 76 77 78 79 80 81 82 83 84 85 86 87 88 89 90 91 92 93 94 95 96 97 98 99 100 101 102 103 104 105 106 107 108 109 110 111 112 113 114 115 116 117 118 119 120 121 122 123 124 125 126 127 128 129 130 131 132 133 134 135 136 137 138 139 140 141 142 143 144 145 146 147 148 149 150 151 152 153 154 155 156 157 158 159 160 161 162 163 164 165 166 167 168 169 170 171 172 173 174 175 176 177 178 179 180 181 182 183 184 185 186 187 188 189 190 191 192 193 194 195 196 197 198 
197
126 136 1
101 121 2
95 105 2
101 107 2
58 69 3
38 67 5
63 67 5
86 140 7
152 173 9
4 12 9
7 179 10
128 150 12
114 149 13
102 116 13
39 68 14
57 161 15
20 169 18
43 60 18
101 152 18
42 60 19
136 165 19
35 46 20
42 44 21
13 14 21
6 153 24
54 153 26
62 117 28
98 119 29
33 139 29
110 117 29
31 180 29
67 159 31
109 119 31
60 161 32
32 46 32
171 174 33
53 62 33
18 133 33
60 62 34
1 18 34
16 21 34
18 137 39
66 139 39
27 97 40
32 139 40
30 79 41
89 113 42
10 112 43
31 101 43
17 21 43
21 23 44
1 19 44
97 119 44
113 117 45
11 67 45
85 93 50
28 105 52
131 183 52
103 115 52
1 24 53
32 53 53
15 24 54
126 128 55
53 58 56
13 133 62
123 125 62
2 20 64
70 197 65
165 192 65
56 189 65
52 60 66
47 129 68
168 179 69
75 154 70
84 103 70
7 164 71
31 62 71
74 111 73
126 135 75
54 97 78
75 191 82
23 89 83
133 174 84
18 149 85
101 123 88
180 181 88
23 177 91
74 94 94
150 170 94
20 117 95
15 170 95
150 164 95
40 41 95
26 28 96
100 111 99
23 150 100
63 186 100
4 172 101
36 60 107
33 40 108
2 122 110
110 111 111
35 61 112
10 149 112
37 39 113
3 145 114
94 157 116
77 79 118
132 141 120
7 155 120
71 190 122
47 128 123
24 67 127
75 99 132
169 172 133
109 112 136
127 128 136
90 95 138
19 166 138
59 70 140
35 50 141
82 133 146
18 160 147
67 189 147
3 150 147
51 161 152
42 59 152
92 110 153
5 6 156
108 119 160
165 167 161
80 89 162
101 102 162
120 124 163
83 110 163
48 90 166
60 90 166
80 85 168
91 123 172
74 158 174
131 137 183
84 110 183
73 139 183
96 117 185
87 128 187
90 194 189
62 65 191
55 82 191
154 155 194
137 175 197
37 47 204
27 88 212
9 160 217
117 118 217
70 141 221
88 176 227
93 106 235
109 134 239
109 144 245
1 22 248
123 188 257
154 156 268
15 76 268
90 163 287
153 178 299
75 81 299
183 184 305
60 72 313
34 44 318
103 124 338
8 98 341
36 142 346
75 104 346
133 148 356
63 64 369
138 139 375
45 72 378
86 155 382
93 193 389
130 137 449
56 71 450
145 147 453
30 32 454
141 143 478
29 31 534
101 187 546
38 185 576
162 163 645
25 28 758
3 146 1081
115 198 1122
77 78 1138
32 196 1192
79 182 1541
175 195 1552
151 152 1909
35 49 2090
37819
