198
1 2 3 4 5 6 7 8 9 10 11 12 13 14 15 16 17 18 19 20 21 22 23 24 25 26 27 28 29 30 31 32 33 34 35 36 37 38 39 40 41 42 43 44 45 46 47 48 49 50 51 52 53 54 55 56 57 58 59 60 61 62 63 64 65 66 67 68 69 70 71 72 73 74 75 76 77 78 79 80 81 82 83 84 85 86 87 88 89 90 91 92 93 94 95 96 97 98 99 100 101 102 103 104 105 106 107 108 109 110 111 112 113 114 115 116 117 118 119 120 121 122 123 124 125 126 127 128 129 130 131 132 133 134 135 136 137 138 139 140 141 142 143 144 145 146 147 148 149 150 151 152 153 154 155 156 157 158 159 160 161 162 163 164 165 166 167 168 169 170 171 172 173 174 175 176 177 178 179 180 181 182 183 184 185 186 187 188 189 190 191 192 193 194 195 196 197 198 
197
1 18 34
18 133 33
18 137 39
1 19 44
133 13 62
13 14 21
133 174 84
174 171 33
1 24 53
24 15 54
18 149 85
149 114 13
15 170 95
170 150 94
150 128 12
128 126 55
126 136 1
136 165 19
165 192 65
126 135 75
150 23 100
23 21 44
21 16 34
21 17 43
23 89 83
89 113 42
113 117 45
117 62 28
117 110 29
62 53 33
62 60 34
60 43 18
60 42 19
42 44 21
60 161 32
161 57 15
53 32 53
32 46 32
46 35 20
32 139 40
139 33 29
139 66 39
53 58 56
58 69 3
60 52 66
62 31 71
31 180 29
31 101 43
101 107 2
101 121 2
101 152 18
152 173 9
180 181 88
101 123 88
123 125 62
23 177 91
117 20 95
20 169 18
20 2 64
150 164 95
164 7 71
7 179 10
179 168 69
60 36 107
33 40 108
40 41 95
2 122 110
62 94 112
94 74 94
74 111 73
111 100 99
94 157 116
7 155 120
19 166 138
18 160 147
24 67 127
67 38 5
67 63 5
67 159 31
67 11 45
63 186 100
35 61 112
169 172 133
172 4 101
4 12 9
128 47 123
47 129 68
35 50 141
133 82 146
67 189 147
189 56 65
150 3 147
3 145 114
110 92 153
74 109 158
109 119 31
119 98 29
119 97 44
97 27 40
97 54 78
54 153 26
153 6 24
161 51 152
6 5 156
123 91 172
74 158 174
101 102 162
102 116 13
165 167 161
89 80 162
60 90 166
90 95 138
95 105 2
105 28 52
28 26 96
110 83 163
80 85 168
85 93 50
117 96 185
139 73 183
90 194 189
149 10 112
10 112 43
128 127 136
42 59 152
59 70 140
70 197 65
137 131 183
131 183 52
90 48 166
82 55 191
155 154 194
154 75 70
75 191 82
75 99 132
137 175 197
27 88 212
28 115 201
115 103 52
103 84 70
47 37 204
37 39 113
39 68 14
117 118 217
160 9 217
88 176 227
70 141 221
141 132 120
109 134 239
1 22 248
123 188 257
15 76 268
93 106 235
154 156 268
109 144 245
119 108 160
153 178 299
60 72 313
44 34 318
90 163 287
103 124 338
124 120 163
183 184 305
98 8 341
75 81 299
75 104 346
36 142 346
128 87 187
62 65 191
133 148 356
63 64 369
139 138 375
72 45 378
155 86 382
86 140 7
93 193 389
137 130 449
56 71 450
71 190 122
145 147 453
32 30 454
30 79 41
79 77 118
141 143 478
31 29 534
101 187 546
38 185 576
163 162 645
28 25 758
3 146 1081
115 198 1122
77 78 1138
32 196 1192
79 182 1541
175 195 1552
152 151 1909
35 49 2090
37860
